0		0	7
1		0	3
2		0	3
3		0	7
4		0	0
5		0	6
6		0	1
7		0	2
8		0	6
9		0	6
10		0	6
11		0	6
12		0	6
13		0	6
14		0	5
15		0	6
16		0	0
17		0	3
18		0	7
19		0	7
20		0	7
21		0	7
22		0	3
23		0	3
24		0	3
25		0	6
26		0	2
27		0	2
28		0	2
29		0	2
30		0	2
31		0	2
32		0	2
33		0	7
34		0	7
35		0	6
36		0	5
37		0	0
38		0	0
39		0	0
40		0	0
41		0	6
42		0	6
43		0	5
44		0	0
45		0	3
46		0	6
47		0	6
48		0	6
49		0	6
50		0	6
51		0	6
52		0	6
53		0	6
54		0	6
55		0	6
56		0	5
57		0	3
58		0	3
59		0	3
60		0	3
61		0	3
62		0	6
63		0	6
64		0	5
65		0	6
66		0	7
67		0	5
68		0	5
69		0	5
70		0	6
71		0	6
72		0	6
73		0	3
74		0	3
75		0	3
76		0	3
77		0	3
78		0	3
79		0	3
80		0	1
81		0	1
82		0	1
83		0	3
84		0	3
85		0	3
86		0	3
87		0	3
88		0	3
89		0	3
90		0	3
91		0	3
92		0	3
93		0	3
94		0	3
95		0	3
96		0	3
97		0	3
98		0	3
99		0	4
100		0	4
101		0	4
102		0	8
103		0	8
104		0	3
105		0	3
106		0	3
107		0	3
108		0	3
109		0	3
110		0	3
111		0	3
112		0	3
113		0	3
114		0	3
115		0	3
116		0	3
117		0	7
118		0	5
119		0	5
120		0	7
121		0	7
122		0	7
123		0	3
124		0	3
125		0	3
126		0	3
127		0	3
128		0	3
129		0	0
130		0	0
131		0	4
132		0	4
133		0	4
134		0	4
135		0	4
136		0	4
137		0	4
138		0	4
139		0	4
140		0	4
141		0	3
142		0	3
143		0	3
144		0	3
145		0	6
146		0	6
147		0	2
148		0	3
149		0	4
150		0	4
151		0	4
152		0	4
153		0	4
154		0	4
155		0	4
156		0	4
157		0	4
158		0	4
159		0	4
160		0	4
161		0	4
162		0	4
163		0	4
164		0	4
165		0	4
166		0	4
167		0	4
168		0	4
169		0	4
170		0	8
171		0	8
172		0	4
173		0	4
174		0	4
175		0	4
176		0	4
177		0	4
178		0	4
179		0	4
180		0	4
181		0	4
182		0	3
183		0	0
184		0	0
185		0	3
186		0	3
187		0	3
188		0	3
189		0	3
190		0	3
191		0	3
192		0	3
193		0	3
194		0	3
195		0	3
196		0	2
197		0	6
198		0	2
199		0	2
200		0	2
201		0	2
202		0	2
203		0	2
204		0	7
205		0	3
206		0	8
207		0	0
208		0	0
209		0	6
210		0	0
211		0	6
212		0	3
213		0	6
214		0	5
215		0	0
216		0	0
217		0	3
218		0	3
219		0	7
220		0	7
221		0	7
222		0	7
223		0	7
224		0	7
225		0	7
226		0	7
227		0	2
228		0	2
229		0	0
230		0	0
231		0	0
232		0	5
233		0	5
234		0	4
235		0	4
236		0	4
237		0	4
238		0	4
239		0	4
240		0	4
241		0	4
242		0	4
243		0	4
244		0	4
245		0	4
246		0	4
247		0	4
248		0	4
249		0	4
250		0	4
251		0	4
252		0	4
253		0	4
254		0	4
255		0	0
256		0	0
257		0	0
258		0	0
259		0	0
260		0	0
261		0	0
262		0	0
263		0	0
264		0	0
265		0	0
266		0	0
267		0	0
268		0	0
269		0	0
270		0	0
271		0	0
272		0	0
273		0	0
274		0	0
275		0	0
276		0	0
277		0	0
278		0	0
279		0	0
280		0	0
281		0	0
282		0	0
283		0	0
284		0	0
285		0	0
286		0	0
287		0	0
288		0	0
289		0	0
290		0	8
291		0	0
292		0	1
293		0	1
294		0	1
295		0	1
296		0	1
297		0	1
298		0	1
299		0	1
300		0	1
301		0	1
302		0	1
303		0	1
304		0	1
305		0	1
306		0	1
307		0	1
308		0	1
309		0	1
310		0	1
311		0	1
312		0	1
313		0	1
314		0	1
315		0	1
316		0	1
317		0	1
318		0	1
319		0	1
320		0	1
321		0	1
322		0	1
323		0	1
324		0	1
325		0	1
326		0	1
327		0	1
328		0	1
329		0	1
330		0	1
331		0	1
332		0	1
333		0	1
334		0	1
335		0	8
336		0	8
337		0	8
338		0	8
339		0	8
340		0	8
341		0	8
342		0	7
343		0	7
344		0	7
345		0	7
346		0	2
347		0	4
348		0	4
349		0	4
350		0	0
351		0	0
352		0	0
353		0	0
354		0	0
355		0	0
356		0	0
357		0	0
358		0	0
359		0	0
360		0	0
361		0	0
362		0	0
363		0	0
364		0	7
365		0	8
366		0	8
367		0	8
368		0	8
369		0	8
370		0	8
371		0	8
372		0	4
373		0	4
374		0	4
375		0	0
376		0	0
377		0	0
378		0	6
379		0	3
380		0	3
381		0	3
382		0	3
383		0	3
384		0	3
385		0	1
386		0	1
387		0	1
388		0	1
389		0	4
390		0	4
391		0	4
392		0	4
393		0	4
394		0	4
395		0	4
396		0	2
397		0	4
398		0	4
399		0	4
400		0	4
401		0	4
402		0	4
403		0	4
404		0	4
405		0	4
406		0	4
407		0	4
408		0	4
409		0	4
410		0	4
411		0	2
412		0	4
413		0	4
414		0	4
415		0	4
416		0	4
417		0	2
418		0	2
419		0	3
420		0	3
421		0	3
422		0	3
423		0	3
424		0	3
425		0	3
426		0	3
427		0	3
428		0	3
429		0	3
430		0	3
431		0	3
432		0	3
433		0	3
434		0	3
435		0	3
436		0	3
437		0	3
438		0	3
439		0	3
440		0	3
441		0	3
442		0	3
443		0	3
444		0	3
445		0	3
446		0	3
447		0	3
448		0	3
449		0	3
450		0	3
451		0	3
452		0	5
453		0	5
454		0	5
455		0	5
456		0	5
457		0	5
458		0	5
459		0	5
460		0	5
461		0	5
462		0	5
463		0	5
464		0	5
465		0	5
466		0	5
467		0	5
468		0	5
469		0	5
470		0	5
471		0	5
472		0	5
473		0	5
474		0	5
475		0	5
476		0	5
477		0	5
478		0	5
479		0	5
480		0	5
481		0	5
482		0	5
483		0	5
484		0	5
485		0	5
486		0	5
487		0	5
488		0	5
489		0	5
490		0	5
491		0	5
492		0	5
493		0	5
494		0	5
495		0	5
496		0	5
497		0	5
498		0	5
499		0	5
500		0	5
501		0	5
502		0	5
503		0	5
504		0	5
505		0	5
506		0	5
507		0	5
508		0	5
509		0	5
510		0	5
511		0	5
512		0	5
513		0	5
514		0	5
515		0	5
516		0	5
517		0	5
518		0	5
519		0	5
520		0	5
521		0	5
522		0	5
523		0	5
524		0	5
525		0	5
526		0	5
527		0	5
528		0	5
529		0	5
530		0	5
531		0	5
532		0	5
533		0	5
534		0	5
535		0	5
536		0	5
537		0	5
538		0	5
539		0	2
540		0	2
541		0	2
542		0	2
543		0	2
544		0	2
545		0	2
546		0	2
547		0	2
548		0	2
549		0	2
550		0	2
551		0	2
552		0	2
553		0	2
554		0	2
555		0	2
556		0	2
557		0	2
558		0	2
559		0	2
560		0	2
561		0	2
562		0	2
563		0	2
564		0	1
565		0	1
566		0	5
567		0	5
568		0	5
569		0	5
570		0	5
571		0	5
572		0	5
573		0	4
574		0	4
575		0	4
576		0	4
577		0	4
578		0	4
579		0	4
580		0	4
581		0	4
582		0	4
583		0	4
584		0	4
585		0	0
586		0	0
587		0	0
588		0	0
589		0	0
590		0	0
591		0	0
592		0	0
593		0	0
594		0	0
595		0	5
596		0	3
597		0	3
598		0	3
599		0	3
600		0	8
601		0	8
602		0	3
603		0	3
604		0	6
605		0	6
606		0	6
607		0	3
608		0	0
609		0	0
610		0	0
611		0	2
612		0	2
613		0	2
614		0	2
615		0	2
616		0	2
617		0	2
618		0	2
619		0	2
620		0	2
621		0	2
622		0	2
623		0	2
624		0	2
625		0	2
626		0	2
627		0	2
628		0	2
629		0	8
630		0	8
631		0	8
632		0	8
633		0	8
634		0	8
635		0	8
636		0	2
637		0	6
638		0	4
639		0	3
640		0	5
641		0	5
642		0	5
643		0	5
644		0	5
645		0	5
646		0	5
647		0	8
648		0	8
649		0	8
650		0	8
651		0	8
652		0	8
653		0	5
654		0	5
655		0	5
656		0	5
657		0	5
658		0	5
659		0	5
660		0	5
661		0	5
662		0	6
663		0	4
664		0	4
665		0	4
666		0	4
667		0	4
668		0	4
669		0	4
670		0	8
671		0	8
672		0	8
673		0	6
674		0	6
675		0	6
676		0	6
677		0	4
678		0	3
679		0	3
680		0	3
681		0	2
682		0	7
683		0	8
684		0	8
685		0	1
686		0	1
687		0	1
688		0	1
689		0	1
690		0	1
691		0	1
692		0	1
693		0	1
694		0	1
695		0	1
696		0	1
697		0	7
698		0	7
699		0	7
700		0	7
701		0	7
702		0	7
703		0	7
704		0	7
705		0	7
706		0	7
707		0	7
708		0	7
709		0	7
710		0	7
711		0	7
712		0	7
713		0	7
714		0	7
715		0	7
716		0	7
717		0	7
718		0	7
719		0	7
720		0	7
721		0	7
722		0	7
723		0	7
724		0	7
725		0	7
726		0	7
727		0	7
728		0	7
729		0	7
730		0	7
731		0	7
732		0	7
733		0	7
734		0	7
735		0	7
736		0	7
737		0	7
738		0	7
739		0	7
740		0	7
741		0	7
742		0	7
743		0	7
744		0	7
745		0	7
746		0	7
747		0	7
748		0	7
749		0	7
750		0	7
751		0	7
752		0	7
753		0	7
754		0	7
755		0	7
756		0	7
757		0	7
758		0	7
759		0	7
760		0	7
761		0	7
762		0	7
763		0	7
764		0	7
765		0	3
766		0	3
767		0	3
768		0	3
769		0	3
770		0	3
771		0	3
772		0	3
773		0	3
774		0	3
775		0	4
776		0	6
777		0	6
778		0	6
779		0	6
780		0	6
781		0	6
782		0	6
783		0	6
784		0	6
785		0	6
786		0	6
787		0	6
788		0	6
789		0	6
790		0	6
791		0	6
792		0	6
793		0	6
794		0	6
795		0	6
796		0	6
797		0	6
798		0	6
799		0	6
800		0	6
801		0	6
802		0	4
803		0	0
804		0	3
805		0	3
806		0	3
807		0	3
808		0	3
809		0	3
810		0	3
811		0	3
812		0	3
813		0	3
814		0	3
815		0	3
816		0	3
817		0	3
818		0	3
819		0	3
820		0	3
821		0	3
822		0	3
823		0	3
824		0	3
825		0	3
826		0	3
827		0	3
828		0	3
829		0	3
830		0	3
831		0	3
832		0	3
833		0	3
834		0	3
835		0	3
836		0	3
837		0	3
838		0	3
839		0	3
840		0	3
841		0	3
842		0	3
843		0	3
844		0	3
845		0	3
846		0	3
847		0	3
848		0	3
849		0	3
850		0	3
851		0	3
852		0	3
853		0	0
854		0	0
855		0	0
856		0	0
857		0	3
858		0	3
859		0	3
860		0	7
861		0	2
862		0	2
863		0	2
864		0	0
865		0	0
866		0	7
867		0	6
868		0	6
869		0	2
870		0	2
871		0	2
872		0	2
873		0	5
874		0	5
875		0	5
876		0	5
877		0	5
878		0	8
879		0	1
880		0	1
881		0	1
882		0	1
883		0	1
884		0	1
885		0	1
886		0	1
887		0	1
888		0	1
889		0	8
890		0	6
891		0	3
892		0	3
893		0	3
894		0	3
895		0	4
896		0	4
897		0	4
898		0	4
899		0	4
900		0	7
901		0	7
902		0	7
903		0	7
904		0	7
905		0	7
906		0	7
907		0	7
908		0	7
909		0	7
910		0	7
911		0	7
912		0	7
913		0	7
914		0	7
915		0	7
916		0	7
917		0	7
918		0	7
919		0	7
920		0	7
921		0	7
922		0	7
923		0	7
924		0	7
925		0	7
926		0	0
927		0	0
928		0	0
929		0	0
930		0	0
931		0	0
932		0	0
933		0	0
934		0	0
935		0	0
936		0	0
937		0	0
938		0	0
939		0	0
940		0	0
941		0	0
942		0	0
943		0	0
944		0	0
945		0	0
946		0	0
947		0	8
948		0	8
949		0	8
950		0	8
951		0	8
952		0	4
953		0	4
954		0	6
955		0	6
956		0	6
957		0	6
958		0	6
959		0	6
960		0	6
961		0	6
962		0	6
963		0	6
964		0	6
965		0	2
966		0	2
967		0	8
968		0	2
969		0	2
970		0	2
971		0	2
972		0	2
973		0	2
974		0	2
975		0	2
976		0	2
977		0	2
978		0	2
979		0	2
980		0	2
981		0	2
982		0	2
983		0	2
984		0	2
985		0	2
986		0	2
987		0	3
988		0	2
989		0	2
990		0	2
991		0	2
992		0	2
993		0	2
994		0	2
995		0	2
996		0	2
997		0	2
998		0	2
999		0	2
1000		0	2
1001		0	2
1002		0	4
1003		0	4
1004		0	4
1005		0	4
1006		0	4
1007		0	4
1008		0	1
1009		0	1
1010		0	1
1011		0	1
1012		0	1
1013		0	1
1014		0	1
1015		0	1
1016		0	1
1017		0	1
1018		0	1
1019		0	1
1020		0	1
1021		0	1
1022		0	1
1023		0	1
1024		0	1
1025		0	3
1026		0	0
1027		0	3
1028		0	8
1029		0	8
1030		0	8
1031		0	8
1032		0	8
1033		0	8
1034		0	8
1035		0	8
1036		0	8
1037		0	8
1038		0	8
1039		0	8
1040		0	8
1041		0	8
1042		0	8
1043		0	8
1044		0	8
1045		0	8
1046		0	8
1047		0	7
1048		0	7
1049		0	7
1050		0	7
1051		0	8
1052		0	8
1053		0	0
1054		0	0
1055		0	0
1056		0	0
1057		0	0
1058		0	0
1059		0	0
1060		0	0
1061		0	0
1062		0	0
1063		0	0
1064		0	0
1065		0	0
1066		0	0
1067		0	0
1068		0	0
1069		0	0
1070		0	0
1071		0	0
1072		0	0
1073		0	0
1074		0	0
1075		0	0
1076		0	0
1077		0	0
1078		0	0
1079		0	0
1080		0	0
1081		0	0
1082		0	0
1083		0	0
1084		0	0
1085		0	0
1086		0	0
1087		0	0
1088		0	0
1089		0	0
1090		0	0
1091		0	0
1092		0	0
1093		0	2
1094		0	2
1095		0	2
1096		0	3
1097		0	3
1098		0	3
1099		0	3
1100		0	3
1101		0	0
1102		0	0
1103		0	0
1104		0	4
1105		0	7
1106		0	7
1107		0	7
1108		0	7
1109		0	7
1110		0	4
1111		0	4
1112		0	5
1113		0	5
1114		0	5
1115		0	5
1116		0	5
1117		0	5
1118		0	5
1119		0	5
1120		0	2
1121		0	7
1122		0	7
1123		0	7
1124		0	7
1125		0	7
1126		0	0
1127		0	0
1128		0	0
1129		0	0
1130		0	3
1131		0	1
1132		0	1
1133		0	1
1134		0	3
1135		0	3
1136		0	3
1137		0	3
1138		0	1
1139		0	1
1140		0	2
1141		0	2
1142		0	0
1143		0	0
1144		0	3
1145		0	3
1146		0	6
1147		0	6
1148		0	0
1149		0	0
1150		0	0
1151		0	0
1152		0	0
1153		0	3
1154		0	3
1155		0	3
1156		0	4
1157		0	4
1158		0	8
1159		0	8
1160		0	8
1161		0	8
1162		0	3
1163		0	3
1164		0	3
1165		0	3
1166		0	3
1167		0	8
1168		0	5
1169		0	5
1170		0	5
1171		0	5
1172		0	5
1173		0	5
1174		0	5
1175		0	5
1176		0	5
1177		0	5
1178		0	5
1179		0	5
1180		0	5
1181		0	5
1182		0	5
1183		0	5
1184		0	5
1185		0	5
1186		0	5
1187		0	5
1188		0	5
1189		0	5
1190		0	5
1191		0	5
1192		0	5
1193		0	5
1194		0	5
1195		0	5
1196		0	5
1197		0	5
1198		0	5
1199		0	5
1200		0	5
1201		0	5
1202		0	5
1203		0	5
1204		0	5
1205		0	5
1206		0	5
1207		0	5
1208		0	5
1209		0	5
1210		0	5
1211		0	5
1212		0	5
1213		0	5
1214		0	5
1215		0	5
1216		0	5
1217		0	8
1218		0	6
1219		0	6
1220		0	3
1221		0	3
1222		0	3
1223		0	3
1224		0	3
1225		0	3
1226		0	3
1227		0	3
1228		0	3
1229		0	3
1230		0	3
1231		0	3
1232		0	3
1233		0	3
1234		0	3
1235		0	3
1236		0	3
1237		0	3
1238		0	4
1239		0	8
1240		0	8
1241		0	7
1242		0	3
1243		0	3
1244		0	3
1245		0	3
1246		0	3
1247		0	3
1248		0	3
1249		0	3
1250		0	3
1251		0	3
1252		0	0
1253		0	0
1254		0	0
1255		0	0
1256		0	0
1257		0	0
1258		0	0
1259		0	0
1260		0	0
1261		0	0
1262		0	0
1263		0	0
1264		0	0
1265		0	0
1266		0	0
1267		0	0
1268		0	0
1269		0	0
1270		0	0
1271		0	0
1272		0	0
1273		0	0
1274		0	0
1275		0	0
1276		0	0
1277		0	0
1278		0	0
1279		0	0
1280		0	0
1281		0	0
1282		0	0
1283		0	0
1284		0	0
1285		0	0
1286		0	0
1287		0	0
1288		0	0
1289		0	0
1290		0	0
1291		0	0
1292		0	0
1293		0	0
1294		0	0
1295		0	0
1296		0	0
1297		0	0
1298		0	0
1299		0	0
1300		0	0
1301		0	0
1302		0	0
1303		0	0
1304		0	0
1305		0	0
1306		0	0
1307		0	0
1308		0	0
1309		0	0
1310		0	0
1311		0	0
1312		0	0
1313		0	0
1314		0	0
1315		0	0
1316		0	0
1317		0	0
1318		0	0
1319		0	0
1320		0	0
1321		0	0
1322		0	0
1323		0	0
1324		0	0
1325		0	0
1326		0	0
1327		0	0
1328		0	0
1329		0	0
1330		0	0
1331		0	0
1332		0	0
1333		0	0
1334		0	0
1335		0	0
1336		0	0
1337		0	0
1338		0	0
1339		0	0
1340		0	0
1341		0	0
1342		0	0
1343		0	0
1344		0	0
1345		0	0
1346		0	0
1347		0	0
1348		0	0
1349		0	7
1350		0	6
1351		0	5
1352		0	5
1353		0	5
1354		0	5
1355		0	5
1356		0	5
1357		0	5
1358		0	5
1359		0	5
1360		0	5
1361		0	5
1362		0	5
1363		0	5
1364		0	5
1365		0	5
1366		0	5
1367		0	5
1368		0	5
1369		0	5
1370		0	5
1371		0	5
1372		0	5
1373		0	5
1374		0	5
1375		0	5
1376		0	5
1377		0	5
1378		0	5
1379		0	0
1380		0	0
1381		0	1
1382		0	1
1383		0	1
1384		0	1
1385		0	1
1386		0	8
1387		0	2
1388		0	2
1389		0	2
1390		0	2
1391		0	2
1392		0	8
1393		0	8
1394		0	8
1395		0	7
1396		0	7
1397		0	7
1398		0	7
1399		0	7
1400		0	7
1401		0	4
1402		0	4
1403		0	4
1404		0	4
1405		0	0
1406		0	0
1407		0	0
1408		0	0
1409		0	0
1410		0	0
1411		0	0
1412		0	0
1413		0	0
1414		0	0
1415		0	0
1416		0	8
1417		0	8
1418		0	7
1419		0	7
1420		0	3
1421		0	3
1422		0	7
1423		0	7
1424		0	3
1425		0	3
1426		0	2
1427		0	2
1428		0	6
1429		0	2
1430		0	2
1431		0	2
1432		0	4
1433		0	0
1434		0	0
1435		0	0
1436		0	1
1437		0	7
1438		0	7
1439		0	7
1440		0	0
1441		0	0
1442		0	0
1443		0	5
1444		0	5
1445		0	5
1446		0	5
1447		0	5
1448		0	5
1449		0	4
1450		0	0
1451		0	0
1452		0	0
1453		0	7
1454		0	7
1455		0	7
1456		0	0
1457		0	0
1458		0	0
1459		0	0
1460		0	4
1461		0	4
1462		0	4
1463		0	4
1464		0	4
1465		0	4
1466		0	4
1467		0	4
1468		0	4
1469		0	4
1470		0	4
1471		0	4
1472		0	4
1473		0	4
1474		0	4
1475		0	0
1476		0	1
1477		0	1
1478		0	1
1479		0	1
1480		0	1
1481		0	1
1482		0	1
1483		0	1
1484		0	1
1485		0	1
1486		0	1
1487		0	1
1488		0	1
1489		0	1
1490		0	1
1491		0	1
1492		0	1
1493		0	1
1494		0	1
1495		0	1
1496		0	1
1497		0	1
1498		0	1
1499		0	1
1500		0	1
1501		0	1
1502		0	1
1503		0	1
1504		0	1
1505		0	1
1506		0	1
1507		0	1
1508		0	1
1509		0	1
1510		0	1
1511		0	1
1512		0	1
1513		0	1
1514		0	1
1515		0	1
1516		0	1
1517		0	1
1518		0	1
1519		0	1
1520		0	1
1521		0	1
1522		0	1
1523		0	1
1524		0	1
1525		0	1
1526		0	1
1527		0	5
1528		0	5
1529		0	3
1530		0	3
1531		0	7
1532		0	8
1533		0	8
1534		0	8
1535		0	8
1536		0	8
1537		0	8
1538		0	8
1539		0	8
1540		0	4
1541		0	0
1542		0	0
1543		0	0
1544		0	1
1545		0	7
1546		0	7
1547		0	3
1548		0	1
1549		0	1
1550		0	1
1551		0	1
1552		0	1
1553		0	4
1554		0	4
1555		0	4
1556		0	4
1557		0	4
1558		0	4
1559		0	4
1560		0	4
1561		0	4
1562		0	4
1563		0	4
1564		0	4
1565		0	4
1566		0	4
1567		0	4
1568		0	4
1569		0	4
1570		0	4
1571		0	4
1572		0	4
1573		0	0
1574		0	4
1575		0	4
1576		0	4
1577		0	4
1578		0	4
1579		0	4
1580		0	4
1581		0	4
1582		0	4
1583		0	4
1584		0	4
1585		0	4
1586		0	2
1587		0	2
1588		0	2
1589		0	2
1590		0	2
1591		0	2
1592		0	3
1593		0	3
1594		0	3
1595		0	3
1596		0	3
1597		0	3
1598		0	3
1599		0	3
1600		0	3
1601		0	3
1602		0	3
1603		0	3
1604		0	3
1605		0	3
1606		0	3
1607		0	3
1608		0	5
1609		0	5
1610		0	5
1611		0	5
1612		0	5
1613		0	5
1614		0	5
1615		0	5
1616		0	5
1617		0	5
1618		0	5
1619		0	5
1620		0	5
1621		0	5
1622		0	5
1623		0	5
1624		0	5
1625		0	5
1626		0	5
1627		0	5
1628		0	5
1629		0	5
1630		0	5
1631		0	5
1632		0	5
1633		0	5
1634		0	5
1635		0	5
1636		0	5
1637		0	5
1638		0	5
1639		0	5
1640		0	5
1641		0	5
1642		0	5
1643		0	5
1644		0	5
1645		0	5
1646		0	5
1647		0	5
1648		0	5
1649		0	5
1650		0	5
1651		0	5
1652		0	5
1653		0	5
1654		0	5
1655		0	5
1656		0	5
1657		0	5
1658		0	5
1659		0	5
1660		0	5
1661		0	5
1662		0	5
1663		0	5
1664		0	5
1665		0	5
1666		0	5
1667		0	5
1668		0	5
1669		0	5
1670		0	5
1671		0	5
1672		0	5
1673		0	5
1674		0	8
1675		0	0
1676		0	0
1677		0	0
1678		0	0
1679		0	0
1680		0	5
1681		0	5
1682		0	5
1683		0	5
1684		0	5
1685		0	5
1686		0	5
1687		0	5
1688		0	4
1689		0	4
1690		0	4
1691		0	4
1692		0	4
1693		0	4
1694		0	4
1695		0	4
1696		0	4
1697		0	4
1698		0	4
1699		0	4
1700		0	3
1701		0	3
1702		0	3
1703		0	0
1704		0	0
1705		0	0
1706		0	0
1707		0	0
1708		0	0
1709		0	0
1710		0	0
1711		0	0
1712		0	0
1713		0	3
1714		0	0
1715		0	0
1716		0	0
1717		0	2
1718		0	2
1719		0	2
1720		0	2
1721		0	2
1722		0	2
1723		0	2
1724		0	2
1725		0	2
1726		0	2
1727		0	2
1728		0	8
1729		0	8
1730		0	4
1731		0	4
1732		0	4
1733		0	3
1734		0	3
1735		0	3
1736		0	3
1737		0	3
1738		0	5
1739		0	5
1740		0	5
1741		0	8
1742		0	8
1743		0	8
1744		0	5
1745		0	5
1746		0	5
1747		0	5
1748		0	5
1749		0	5
1750		0	5
1751		0	5
1752		0	5
1753		0	8
1754		0	8
1755		0	8
1756		0	8
1757		0	8
1758		0	4
1759		0	4
1760		0	0
1761		0	0
1762		0	0
1763		0	0
1764		0	0
1765		0	4
1766		0	4
1767		0	7
1768		0	4
1769		0	4
1770		0	4
1771		0	4
1772		0	4
1773		0	8
1774		0	8
1775		0	0
1776		0	0
1777		0	0
1778		0	0
1779		0	4
1780		0	4
1781		0	4
1782		0	4
1783		0	4
1784		0	4
1785		0	4
1786		0	4
1787		0	1
1788		0	1
1789		0	1
1790		0	4
1791		0	3
1792		0	3
1793		0	2
1794		0	8
1795		0	1
1796		0	1
1797		0	1
1798		0	1
1799		0	1
1800		0	1
1801		0	1
1802		0	1
1803		0	1
1804		0	1
1805		0	4
1806		0	4
1807		0	4
1808		0	4
1809		0	4
1810		0	4
1811		0	4
1812		0	4
1813		0	4
1814		0	4
1815		0	4
1816		0	6
1817		0	6
1818		0	6
1819		0	6
1820		0	6
1821		0	6
1822		0	6
1823		0	6
1824		0	6
1825		0	6
1826		0	6
1827		0	6
1828		0	6
1829		0	6
1830		0	6
1831		0	6
1832		0	6
1833		0	6
1834		0	6
1835		0	6
1836		0	6
1837		0	4
1838		0	3
1839		0	7
1840		0	3
1841		0	3
1842		0	3
1843		0	3
1844		0	7
1845		0	5
1846		0	5
1847		0	3
1848		0	2
1849		0	3
1850		0	3
1851		0	3
1852		0	3
1853		0	3
1854		0	3
1855		0	3
1856		0	3
1857		0	3
1858		0	3
1859		0	3
1860		0	3
1861		0	3
1862		0	3
1863		0	5
1864		0	5
1865		0	0
1866		0	0
1867		0	0
1868		0	0
1869		0	0
1870		0	0
1871		0	0
1872		0	0
1873		0	0
1874		0	0
1875		0	0
1876		0	0
1877		0	0
1878		0	0
1879		0	0
1880		0	0
1881		0	0
1882		0	0
1883		0	0
1884		0	0
1885		0	0
1886		0	0
1887		0	0
1888		0	0
1889		0	0
1890		0	8
1891		0	8
1892		0	8
1893		0	0
1894		0	0
1895		0	0
1896		0	0
1897		0	0
1898		0	0
1899		0	0
1900		0	6
1901		0	6
1902		0	6
1903		0	6
1904		0	6
1905		0	6
1906		0	6
1907		0	6
1908		0	0
1909		0	0
1910		0	0
1911		0	0
1912		0	0
1913		0	2
1914		0	2
1915		0	2
1916		0	2
1917		0	2
1918		0	2
1919		0	2
1920		0	2
1921		0	2
1922		0	2
1923		0	5
1924		0	3
1925		0	3
1926		0	3
1927		0	3
1928		0	4
1929		0	4
1930		0	2
1931		0	2
1932		0	4
1933		0	7
1934		0	7
1935		0	7
1936		0	7
1937		0	7
1938		0	7
1939		0	7
1940		0	7
1941		0	7
1942		0	7
1943		0	7
1944		0	7
1945		0	7
1946		0	7
1947		0	7
1948		0	7
1949		0	7
1950		0	7
1951		0	7
1952		0	0
1953		0	0
1954		0	0
1955		0	0
1956		0	0
1957		0	0
1958		0	0
1959		0	0
1960		0	0
1961		0	0
1962		0	0
1963		0	0
1964		0	0
1965		0	0
1966		0	0
1967		0	0
1968		0	0
1969		0	0
1970		0	0
1971		0	0
1972		0	0
1973		0	0
1974		0	0
1975		0	0
1976		0	0
1977		0	0
1978		0	0
1979		0	0
1980		0	0
1981		0	0
1982		0	0
1983		0	0
1984		0	0
1985		0	0
1986		0	0
1987		0	0
1988		0	0
1989		0	0
1990		0	0
1991		0	0
1992		0	0
1993		0	0
1994		0	0
1995		0	0
1996		0	0
1997		0	0
1998		0	0
1999		0	0
2000		0	0
2001		0	0
2002		0	0
2003		0	0
2004		0	0
2005		0	0
2006		0	0
2007		0	0
2008		0	0
2009		0	0
2010		0	0
2011		0	0
2012		0	0
2013		0	0
2014		0	0
2015		0	0
2016		0	0
2017		0	0
2018		0	0
2019		0	0
2020		0	0
2021		0	0
2022		0	0
2023		0	0
2024		0	0
2025		0	2
2026		0	7
2027		0	7
2028		0	7
2029		0	7
2030		0	7
2031		0	7
2032		0	7
2033		0	7
2034		0	7
2035		0	3
2036		0	3
2037		0	3
2038		0	3
2039		0	3
2040		0	8
2041		0	8
2042		0	8
2043		0	8
2044		0	8
2045		0	8
2046		0	8
2047		0	6
2048		0	6
2049		0	7
2050		0	7
2051		0	7
2052		0	7
2053		0	7
2054		0	6
2055		0	6
2056		0	6
2057		0	4
2058		0	4
2059		0	4
2060		0	4
2061		0	4
2062		0	4
2063		0	4
2064		0	8
2065		0	5
2066		0	5
2067		0	0
2068		0	0
2069		0	4
2070		0	4
2071		0	4
2072		0	4
2073		0	8
2074		0	8
2075		0	8
2076		0	3
2077		0	3
2078		0	3
2079		0	0
2080		0	0
2081		0	0
2082		0	0
2083		0	0
2084		0	0
2085		0	0
2086		0	0
2087		0	0
2088		0	0
2089		0	0
2090		0	0
2091		0	0
2092		0	0
2093		0	0
2094		0	0
2095		0	0
2096		0	0
2097		0	0
2098		0	0
2099		0	6
2100		0	6
2101		0	4
2102		0	4
2103		0	4
2104		0	4
2105		0	4
2106		0	4
2107		0	4
2108		0	0
2109		0	2
2110		0	2
2111		0	2
2112		0	8
2113		0	8
2114		0	8
2115		0	5
2116		0	5
2117		0	6
2118		0	7
2119		0	7
2120		0	1
2121		0	6
2122		0	2
2123		0	1
2124		0	1
2125		0	3
2126		0	3
2127		0	3
2128		0	4
2129		0	4
2130		0	4
2131		0	7
2132		0	7
2133		0	7
2134		0	7
2135		0	7
2136		0	7
2137		0	7
2138		0	7
2139		0	7
2140		0	7
2141		0	7
2142		0	7
2143		0	7
2144		0	7
2145		0	7
2146		0	7
2147		0	7
2148		0	7
2149		0	7
2150		0	7
2151		0	7
2152		0	7
2153		0	7
2154		0	7
2155		0	7
2156		0	7
2157		0	7
2158		0	7
2159		0	7
2160		0	5
2161		0	5
2162		0	5
2163		0	5
2164		0	5
2165		0	5
2166		0	5
2167		0	5
2168		0	0
2169		0	0
2170		0	3
2171		0	3
2172		0	3
2173		0	3
2174		0	3
2175		0	3
2176		0	8
2177		0	3
2178		0	3
2179		0	6
2180		0	3
2181		0	6
2182		0	6
2183		0	5
2184		0	5
2185		0	5
2186		0	5
2187		0	3
2188		0	8
2189		0	3
2190		0	3
2191		0	3
2192		0	3
2193		0	3
2194		0	3
2195		0	3
2196		0	3
2197		0	3
2198		0	3
2199		0	3
2200		0	3
2201		0	3
2202		0	3
2203		0	3
2204		0	3
2205		0	3
2206		0	5
2207		0	5
2208		0	8
2209		0	8
2210		0	8
2211		0	8
2212		0	3
2213		0	3
2214		0	2
2215		0	2
2216		0	2
2217		0	2
2218		0	2
2219		0	2
2220		0	2
2221		0	2
2222		0	2
2223		0	2
2224		0	4
2225		0	4
2226		0	4
2227		0	0
2228		0	0
2229		0	0
2230		0	0
2231		0	0
2232		0	0
2233		0	0
2234		0	0
2235		0	0
2236		0	0
2237		0	0
2238		0	0
2239		0	0
2240		0	0
2241		0	0
2242		0	0
2243		0	5
2244		0	5
2245		0	5
2246		0	5
2247		0	5
2248		0	5
2249		0	5
2250		0	5
2251		0	5
2252		0	5
2253		0	5
2254		0	5
2255		0	5
2256		0	5
2257		0	5
2258		0	5
2259		0	5
2260		0	5
2261		0	5
2262		0	5
2263		0	5
2264		0	5
2265		0	5
2266		0	5
2267		0	5
2268		0	5
2269		0	5
2270		0	5
2271		0	5
2272		0	5
2273		0	5
2274		0	5
2275		0	5
2276		0	5
2277		0	5
2278		0	5
2279		0	6
2280		0	0
2281		0	6
2282		0	0
2283		0	0
2284		0	0
2285		0	0
2286		0	0
2287		0	0
2288		0	0
2289		0	0
2290		0	0
2291		0	0
2292		0	0
2293		0	0
2294		0	0
2295		0	0
2296		0	0
2297		0	0
2298		0	0
2299		0	0
2300		0	0
2301		0	0
2302		0	0
2303		0	0
2304		0	0
2305		0	0
2306		0	0
2307		0	0
2308		0	0
2309		0	0
2310		0	0
2311		0	0
2312		0	0
2313		0	0
2314		0	0
2315		0	0
2316		0	0
2317		0	0
2318		0	0
2319		0	0
2320		0	0
2321		0	0
2322		0	0
2323		0	0
2324		0	1
2325		0	5
2326		0	5
2327		0	5
2328		0	5
2329		0	5
2330		0	5
2331		0	5
2332		0	5
2333		0	5
2334		0	5
2335		0	5
2336		0	5
2337		0	5
2338		0	5
2339		0	5
2340		0	5
2341		0	5
2342		0	5
2343		0	5
2344		0	5
2345		0	5
2346		0	5
2347		0	5
2348		0	5
2349		0	5
2350		0	5
2351		0	5
2352		0	5
2353		0	8
2354		0	8
2355		0	0
2356		0	0
2357		0	0
2358		0	6
2359		0	4
2360		0	3
2361		0	3
2362		0	3
2363		0	2
2364		0	3
2365		0	2
2366		0	0
2367		0	6
2368		0	2
2369		0	1
2370		0	1
2371		0	1
2372		0	1
2373		0	1
2374		0	1
2375		0	1
2376		0	1
2377		0	1
2378		0	1
2379		0	1
2380		0	1
2381		0	1
2382		0	1
2383		0	1
2384		0	1
2385		0	1
2386		0	1
2387		0	1
2388		0	1
2389		0	1
2390		0	1
2391		0	1
2392		0	1
2393		0	1
2394		0	1
2395		0	1
2396		0	1
2397		0	1
2398		0	1
2399		0	1
2400		0	1
2401		0	1
2402		0	1
2403		0	1
2404		0	1
2405		0	1
2406		0	1
2407		0	1
2408		0	1
2409		0	1
2410		0	1
2411		0	1
2412		0	1
2413		0	1
2414		0	1
2415		0	1
2416		0	1
2417		0	1
2418		0	1
2419		0	1
2420		0	1
2421		0	1
2422		0	1
2423		0	1
2424		0	1
2425		0	4
2426		0	4
2427		0	4
2428		0	4
2429		0	4
2430		0	4
2431		0	4
2432		0	4
2433		0	4
2434		0	4
2435		0	4
2436		0	4
2437		0	4
2438		0	4
2439		0	4
2440		0	8
2441		0	8
2442		0	3
2443		0	0
2444		0	0
2445		0	3
2446		0	3
2447		0	8
2448		0	8
2449		0	8
2450		0	8
2451		0	3
2452		0	3
2453		0	3
2454		0	3
2455		0	3
2456		0	3
2457		0	3
2458		0	3
2459		0	3
2460		0	7
2461		0	0
2462		0	0
2463		0	0
2464		0	0
2465		0	0
2466		0	0
2467		0	1
2468		0	1
2469		0	3
2470		0	3
2471		0	3
2472		0	3
2473		0	3
2474		0	3
2475		0	3
2476		0	3
2477		0	3
2478		0	3
2479		0	3
2480		0	0
2481		0	0
2482		0	3
2483		0	3
2484		0	3
2485		0	3
2486		0	0
2487		0	3
2488		0	3
2489		0	3
2490		0	3
2491		0	1
2492		0	1
2493		0	1
2494		0	1
2495		0	1
2496		0	1
2497		0	1
2498		0	1
2499		0	1
2500		0	2
2501		0	2
2502		0	0
2503		0	0
2504		0	8
2505		0	1
2506		0	1
2507		0	1
2508		0	1
2509		0	3
2510		0	3
2511		0	3
2512		0	4
2513		0	4
2514		0	8
2515		0	8
2516		0	8
2517		0	8
2518		0	8
2519		0	8
2520		0	4
2521		0	4
2522		0	4
2523		0	4
2524		0	4
2525		0	4
2526		0	4
2527		0	4
2528		0	4
2529		0	4
2530		0	4
2531		0	4
2532		0	4
2533		0	3
2534		0	8
2535		0	3
2536		0	3
2537		0	3
2538		0	6
2539		0	6
2540		0	0
2541		0	8
2542		0	3
2543		0	3
2544		0	4
2545		0	4
2546		0	4
2547		0	4
2548		0	4
2549		0	4
2550		0	4
2551		0	4
2552		0	0
2553		0	0
2554		0	3
2555		0	3
2556		0	3
2557		0	3
2558		0	0
2559		0	0
2560		0	0
2561		0	0
2562		0	0
2563		0	0
2564		0	0
2565		0	0
2566		0	0
2567		0	0
2568		0	6
2569		0	4
2570		0	2
2571		0	2
2572		0	2
2573		0	2
2574		0	6
2575		0	6
2576		0	6
2577		0	6
2578		0	6
2579		0	6
2580		0	6
2581		0	6
2582		0	6
2583		0	6
2584		0	6
2585		0	6
2586		0	6
2587		0	6
2588		0	6
2589		0	6
2590		0	6
2591		0	6
2592		0	6
2593		0	6
2594		0	6
2595		0	6
2596		0	6
2597		0	6
2598		0	4
2599		0	4
2600		0	4
2601		0	4
2602		0	4
2603		0	4
2604		0	4
2605		0	4
2606		0	7
2607		0	7
2608		0	7
2609		0	7
2610		0	0
2611		0	3
2612		0	2
2613		0	2
2614		0	2
2615		0	2
2616		0	8
2617		0	8
2618		0	8
2619		0	8
2620		0	8
2621		0	7
2622		0	7
2623		0	7
2624		0	7
2625		0	7
2626		0	7
2627		0	7
2628		0	7
2629		0	7
2630		0	7
2631		0	7
2632		0	7
2633		0	7
2634		0	7
2635		0	7
2636		0	7
2637		0	7
2638		0	7
2639		0	7
2640		0	7
2641		0	7
2642		0	7
2643		0	7
2644		0	7
2645		0	7
2646		0	7
2647		0	7
2648		0	7
2649		0	7
2650		0	7
2651		0	5
2652		0	5
2653		0	5
2654		0	5
2655		0	5
2656		0	5
2657		0	4
2658		0	4
2659		0	4
2660		0	4
2661		0	4
2662		0	2
2663		0	2
2664		0	2
2665		0	2
2666		0	2
2667		0	8
2668		0	8
2669		0	8
2670		0	0
2671		0	4
2672		0	2
2673		0	0
2674		0	0
2675		0	0
2676		0	0
2677		0	0
2678		0	0
2679		0	0
2680		0	0
2681		0	0
2682		0	0
2683		0	0
2684		0	2
2685		0	2
2686		0	2
2687		0	2
2688		0	8
2689		0	8
2690		0	1
2691		0	1
2692		0	1
2693		0	8
2694		0	0
2695		0	3
2696		0	0
2697		0	5
2698		0	5
2699		0	5
2700		0	5
2701		0	5
2702		0	5
2703		0	5
2704		0	5
2705		0	5
2706		0	5
2707		0	5
2708		0	5
2709		0	5
2710		0	5
2711		0	5
2712		0	5
2713		0	5
2714		0	5
2715		0	5
2716		0	5
2717		0	5
2718		0	5
2719		0	5
2720		0	5
2721		0	5
2722		0	5
2723		0	5
2724		0	5
2725		0	5
2726		0	5
2727		0	5
2728		0	5
2729		0	5
2730		0	5
2731		0	5
2732		0	5
2733		0	5
2734		0	5
2735		0	5
2736		0	5
2737		0	5
2738		0	5
2739		0	5
2740		0	5
2741		0	1
2742		0	7
2743		0	7
2744		0	7
2745		0	7
2746		0	7
2747		0	7
2748		0	7
2749		0	5
2750		0	3
2751		0	3
2752		0	3
2753		0	3
2754		0	5
2755		0	5
2756		0	2
2757		0	8
2758		0	3
2759		0	3
2760		0	7
2761		0	7
2762		0	7
2763		0	7
2764		0	7
2765		0	7
2766		0	7
2767		0	7
2768		0	7
2769		0	7
2770		0	7
2771		0	7
2772		0	7
2773		0	7
2774		0	8
2775		0	8
2776		0	8
2777		0	8
2778		0	8
2779		0	8
2780		0	8
2781		0	0
2782		0	4
2783		0	4
2784		0	3
2785		0	3
2786		0	3
2787		0	3
2788		0	3
2789		0	3
2790		0	3
2791		0	0
2792		0	0
2793		0	0
2794		0	0
2795		0	0
2796		0	0
2797		0	0
2798		0	0
2799		0	0
2800		0	0
2801		0	0
2802		0	0
2803		0	0
2804		0	0
2805		0	0
2806		0	0
2807		0	0
2808		0	0
2809		0	0
2810		0	0
2811		0	0
2812		0	0
2813		0	0
2814		0	0
2815		0	0
2816		0	0
2817		0	0
2818		0	0
2819		0	0
2820		0	0
2821		0	0
2822		0	0
2823		0	0
2824		0	0
2825		0	0
2826		0	0
2827		0	0
2828		0	0
2829		0	0
2830		0	0
2831		0	0
2832		0	0
2833		0	0
2834		0	0
2835		0	0
2836		0	0
2837		0	0
2838		0	0
2839		0	0
2840		0	0
2841		0	0
2842		0	0
2843		0	0
2844		0	0
2845		0	0
2846		0	5
2847		0	3
2848		0	3
2849		0	3
2850		0	3
2851		0	3
2852		0	3
2853		0	3
2854		0	3
2855		0	3
2856		0	3
2857		0	3
2858		0	3
2859		0	3
2860		0	3
2861		0	3
2862		0	3
2863		0	3
2864		0	3
2865		0	8
2866		0	8
2867		0	8
2868		0	8
2869		0	8
2870		0	8
2871		0	8
2872		0	8
2873		0	6
2874		0	8
2875		0	8
2876		0	4
2877		0	4
2878		0	4
2879		0	3
2880		0	0
2881		0	0
2882		0	7
2883		0	7
2884		0	7
2885		0	5
2886		0	3
2887		0	3
2888		0	3
2889		0	0
2890		0	0
2891		0	0
2892		0	0
2893		0	0
2894		0	0
2895		0	0
2896		0	0
2897		0	0
2898		0	0
2899		0	0
2900		0	0
2901		0	0
2902		0	0
2903		0	0
2904		0	0
2905		0	0
2906		0	0
2907		0	0
2908		0	0
2909		0	0
2910		0	0
2911		0	0
2912		0	8
2913		0	7
2914		0	7
2915		0	7
2916		0	7
2917		0	4
2918		0	8
2919		0	8
2920		0	0
2921		0	8
2922		0	5
2923		0	5
2924		0	5
2925		0	5
2926		0	5
2927		0	5
2928		0	5
2929		0	0
2930		0	0
2931		0	3
2932		0	0
2933		0	0
2934		0	0
2935		0	0
2936		0	0
2937		0	0
2938		0	3
2939		0	3
2940		0	4
2941		0	6
2942		0	2
2943		0	2
2944		0	2
2945		0	2
2946		0	0
2947		0	0
2948		0	2
2949		0	2
2950		0	6
2951		0	0
2952		0	0
2953		0	0
2954		0	2
2955		0	2
2956		0	2
2957		0	5
2958		0	5
2959		0	5
2960		0	5
2961		0	5
2962		0	5
2963		0	5
2964		0	5
2965		0	3
2966		0	3
2967		0	3
2968		0	3
2969		0	3
2970		0	3
2971		0	3
2972		0	3
2973		0	3
2974		0	3
2975		0	3
2976		0	3
2977		0	3
2978		0	3
2979		0	3
2980		0	7
2981		0	7
2982		0	8
2983		0	8
2984		0	0
2985		0	3
2986		0	3
2987		0	3
2988		0	3
2989		0	3
2990		0	7
2991		0	4
2992		0	4
2993		0	4
2994		0	4
2995		0	4
2996		0	4
2997		0	4
2998		0	4
2999		0	0
3000		0	0
